Top surface indices (Z: 4.837 to 5.337)
Total count: 253

Index	X	Y	Z
22	-8.354088	-15.571981	5.337417
23	-8.354088	71.662008	5.337417
50	-5.020754	71.662008	5.337417
51	-5.020754	-15.571981	5.337417
85	-1.687421	71.662008	5.337417
86	-1.687421	-15.571981	5.337417
120	1.645912	71.662008	5.337417
121	1.645912	-15.571981	5.337417
155	4.979246	71.662008	5.337417
156	4.979246	-15.571981	5.337417
190	8.312579	71.662008	5.337417
191	8.312579	-15.571981	5.337417
229	11.645912	-15.571981	5.337417
242	11.645912	71.662008	5.337417
299	-8.354088	-10.725648	5.337417
300	-8.354088	-5.879315	5.337417
301	-8.354088	-1.032983	5.337417
302	-8.354088	3.813350	5.337417
303	-8.354088	8.659683	5.337417
304	-8.354088	13.506015	5.337417
305	-8.354088	18.352348	5.337417
306	-8.354088	23.198681	5.337417
307	-8.354088	28.045013	5.337417
308	-8.354088	32.891346	5.337417
309	-8.354088	37.737679	5.337417
310	-8.354088	42.584012	5.337417
311	-8.354088	47.430344	5.337417
312	-8.354088	52.276677	5.337417
313	-8.354088	57.123010	5.337417
314	-8.354088	61.969342	5.337417
315	-8.354088	66.815675	5.337417
373	-5.020754	-10.725648	5.337417
374	-5.020754	-5.879315	5.337417
375	-5.020754	-1.032983	5.337417
376	-5.020754	3.813350	5.337417
377	-5.020754	8.659683	5.337417
378	-5.020754	13.506015	5.337417
379	-5.020754	18.352348	5.337417
380	-5.020754	23.198681	5.337417
381	-5.020754	28.045013	5.337417
382	-5.020754	32.891346	5.337417
383	-5.020754	37.737679	5.337417
384	-5.020754	42.584012	5.337417
385	-5.020754	47.430344	5.337417
386	-5.020754	52.276677	5.337417
387	-5.020754	57.123010	5.337417
388	-5.020754	61.969342	5.337417
389	-5.020754	66.815675	5.337417
472	-1.687421	-10.725648	5.337417
473	-1.687421	-5.879315	5.337417
474	-1.687421	-1.032983	5.337417
475	-1.687421	3.813350	5.337417
476	-1.687421	8.659683	5.337417
477	-1.687421	13.506015	5.337417
478	-1.687421	18.352348	5.337417
479	-1.687421	23.198681	5.337417
480	-1.687421	28.045013	5.337417
481	-1.687421	32.891346	5.337417
482	-1.687421	37.737679	5.337417
483	-1.687421	42.584012	5.337417
484	-1.687421	47.430344	5.337417
485	-1.687421	52.276677	5.337417
486	-1.687421	57.123010	5.337417
487	-1.687421	61.969342	5.337417
488	-1.687421	66.815675	5.337417
571	1.645912	-10.725648	5.337417
572	1.645912	-5.879315	5.337417
573	1.645912	-1.032983	5.337417
574	1.645912	3.813350	5.337417
575	1.645912	8.659683	5.337417
576	1.645912	13.506015	5.337417
577	1.645912	18.352348	5.337417
578	1.645912	23.198681	5.337417
579	1.645912	28.045013	5.337417
580	1.645912	32.891346	5.337417
581	1.645912	37.737679	5.337417
582	1.645912	42.584012	5.337417
583	1.645912	47.430344	5.337417
584	1.645912	52.276677	5.337417
585	1.645912	57.123010	5.337417
586	1.645912	61.969342	5.337417
587	1.645912	66.815675	5.337417
670	4.979246	-10.725648	5.337417
671	4.979246	-5.879315	5.337417
672	4.979246	-1.032983	5.337417
673	4.979246	3.813350	5.337417
674	4.979246	8.659683	5.337417
675	4.979246	13.506015	5.337417
676	4.979246	18.352348	5.337417
677	4.979246	23.198681	5.337417
678	4.979246	28.045013	5.337417
679	4.979246	32.891346	5.337417
680	4.979246	37.737679	5.337417
681	4.979246	42.584012	5.337417
682	4.979246	47.430344	5.337417
683	4.979246	52.276677	5.337417
684	4.979246	57.123010	5.337417
685	4.979246	61.969342	5.337417
686	4.979246	66.815675	5.337417
769	8.312579	-10.725648	5.337417
770	8.312579	-5.879315	5.337417
771	8.312579	-1.032983	5.337417
772	8.312579	3.813350	5.337417
773	8.312579	8.659683	5.337417
774	8.312579	13.506015	5.337417
775	8.312579	18.352348	5.337417
776	8.312579	23.198681	5.337417
777	8.312579	28.045013	5.337417
778	8.312579	32.891346	5.337417
779	8.312579	37.737679	5.337417
780	8.312579	42.584012	5.337417
781	8.312579	47.430344	5.337417
782	8.312579	52.276677	5.337417
783	8.312579	57.123010	5.337417
784	8.312579	61.969342	5.337417
785	8.312579	66.815675	5.337417
919	11.645912	-10.725648	5.337417
920	11.645912	-5.879315	5.337417
921	11.645912	-1.032983	5.337417
922	11.645912	3.813350	5.337417
923	11.645912	8.659683	5.337417
924	11.645912	13.506015	5.337417
925	11.645912	18.352348	5.337417
926	11.645912	23.198681	5.337417
927	11.645912	28.045013	5.337417
928	11.645912	32.891346	5.337417
929	11.645912	37.737679	5.337417
930	11.645912	42.584012	5.337417
931	11.645912	47.430344	5.337417
932	11.645912	52.276677	5.337417
933	11.645912	57.123010	5.337417
934	11.645912	61.969342	5.337417
935	11.645912	66.815675	5.337417
1036	-6.687421	69.238841	5.337417
1037	-6.687421	15.929182	5.337417
1038	-6.687421	20.775514	5.337417
1039	-6.687421	35.314513	5.337417
1040	-6.687421	40.160845	5.337417
1041	-6.687421	45.007178	5.337417
1042	-6.687421	64.392509	5.337417
1043	-6.687421	30.468180	5.337417
1044	-6.687421	6.236516	5.337417
1045	-6.687421	11.082849	5.337417
1046	-6.687421	25.621847	5.337417
1047	-6.687421	49.853511	5.337417
1048	-6.687421	59.546176	5.337417
1049	-6.687421	54.699843	5.337417
1050	-6.687421	1.390184	5.337417
1051	-6.687421	-13.148814	5.337417
1052	-6.687421	-8.302482	5.337417
1053	-6.687421	-3.456149	5.337417
1055	-6.620341	73.106047	4.878189
1094	-6.687421	-17.542042	4.992657
1156	-3.368058	73.107305	4.877298
1159	-3.354088	64.392509	5.337417
1160	-3.354088	69.238841	5.337417
1161	-3.354088	25.621847	5.337417
1162	-3.354088	40.160845	5.337417
1163	-3.354088	45.007178	5.337417
1164	-3.354088	49.853511	5.337417
1165	-3.354088	54.699843	5.337417
1166	-3.354088	59.546176	5.337417
1167	-3.354088	11.082849	5.337417
1168	-3.354088	15.929182	5.337417
1169	-3.354088	20.775514	5.337417
1170	-3.354088	30.468180	5.337417
1171	-3.354088	35.314513	5.337417
1172	-3.354088	6.236516	5.337417
1173	-3.354088	-8.302482	5.337417
1174	-3.354088	1.390184	5.337417
1175	-3.354088	-13.148814	5.337417
1176	-3.354088	-3.456149	5.337417
1178	-3.354088	-17.542042	4.992657
1305	0.032775	73.120896	4.867601
1308	-0.020754	64.392509	5.337417
1309	-0.020754	69.238841	5.337417
1310	-0.020754	20.775514	5.337417
1311	-0.020754	25.621847	5.337417
1312	-0.020754	40.160845	5.337417
1313	-0.020754	45.007178	5.337417
1314	-0.020754	49.853511	5.337417
1315	-0.020754	54.699843	5.337417
1316	-0.020754	59.546176	5.337417
1317	-0.020754	11.082849	5.337417
1318	-0.020754	15.929182	5.337417
1319	-0.020754	30.468180	5.337417
1320	-0.020754	35.314513	5.337417
1321	-0.020754	6.236516	5.337417
1322	-0.020754	-8.302482	5.337417
1323	-0.020754	-13.148814	5.337417
1324	-0.020754	1.390184	5.337417
1325	-0.020754	-3.456149	5.337417
1327	-0.020754	-17.542042	4.992657
1453	3.366108	73.120896	4.867601
1456	3.312579	69.238841	5.337417
1457	3.312579	20.775514	5.337417
1458	3.312579	25.621847	5.337417
1459	3.312579	40.160845	5.337417
1460	3.312579	45.007178	5.337417
1461	3.312579	59.546176	5.337417
1462	3.312579	11.082849	5.337417
1463	3.312579	15.929182	5.337417
1464	3.312579	30.468180	5.337417
1465	3.312579	35.314513	5.337417
1466	3.312579	49.853511	5.337417
1467	3.312579	54.699843	5.337417
1468	3.312579	6.236516	5.337417
1469	3.312579	-8.302482	5.337417
1470	3.312579	1.390184	5.337417
1471	3.312579	-13.148814	5.337417
1472	3.312579	64.392509	5.337417
1473	3.312579	-3.456149	5.337417
1475	3.312579	-17.542042	4.992657
1601	6.631942	73.107305	4.877298
1604	6.645912	64.392509	5.337417
1605	6.645912	69.238841	5.337417
1606	6.645912	25.621847	5.337417
1607	6.645912	49.853511	5.337417
1608	6.645912	54.699843	5.337417
1609	6.645912	59.546176	5.337417
1610	6.645912	11.082849	5.337417
1611	6.645912	15.929182	5.337417
1612	6.645912	20.775514	5.337417
1613	6.645912	30.468180	5.337417
1614	6.645912	35.314513	5.337417
1615	6.645912	40.160845	5.337417
1616	6.645912	45.007178	5.337417
1617	6.645912	6.236516	5.337417
1618	6.645912	-13.148814	5.337417
1619	6.645912	-8.302482	5.337417
1620	6.645912	1.390184	5.337417
1621	6.645912	-3.456149	5.337417
1623	6.645912	-17.542042	4.992657
1748	9.931274	73.090415	4.889161
1751	9.979246	69.238841	5.337417
1752	9.979246	20.775514	5.337417
1753	9.979246	15.929182	5.337417
1754	9.979246	30.468180	5.337417
1755	9.979246	25.621847	5.337417
1756	9.979246	35.314513	5.337417
1757	9.979246	40.160845	5.337417
1758	9.979246	45.007178	5.337417
1759	9.979246	64.392509	5.337417
1760	9.979246	11.082849	5.337417
1761	9.979246	6.236516	5.337417
1762	9.979246	-13.148814	5.337417
1763	9.979246	-8.302482	5.337417
1764	9.979246	49.853511	5.337417
1765	9.979246	54.699843	5.337417
1766	9.979246	59.546176	5.337417
1767	9.979246	-3.456149	5.337417
1768	9.979246	1.390184	5.337417
1769	9.979246	-17.542042	4.992657
